%% LaTeX2e file `fresnelc.txt'
%% generated by the `filecontents' environment
%% from source `Interferenslabb' on 2017/05/11.
%%
   -0.4984
   -0.4599
   -0.4308
   -0.4182
   -0.4248
   -0.4489
   -0.4849
   -0.5247
   -0.5596
   -0.5821
   -0.5878
   -0.5756
   -0.5481
   -0.5108
   -0.4711
   -0.4362
   -0.4126
   -0.4043
   -0.4125
   -0.4358
   -0.4701
   -0.5097
   -0.5482
   -0.5799
   -0.5999
   -0.6056
   -0.5963
   -0.5734
   -0.5403
   -0.5014
   -0.4617
   -0.4262
   -0.3992
   -0.3836
   -0.3810
   -0.3917
   -0.4142
   -0.4461
   -0.4839
   -0.5239
   -0.5623
   -0.5957
   -0.6210
   -0.6364
   -0.6407
   -0.6338
   -0.6163
   -0.5898
   -0.5563
   -0.5182
   -0.4782
   -0.4388
   -0.4024
   -0.3711
   -0.3466
   -0.3299
   -0.3218
   -0.3226
   -0.3319
   -0.3491
   -0.3734
   -0.4036
   -0.4384
   -0.4763
   -0.5160
   -0.5561
   -0.5954
   -0.6327
   -0.6671
   -0.6978
   -0.7241
   -0.7456
   -0.7620
   -0.7731
   -0.7789
   -0.7795
   -0.7752
   -0.7661
   -0.7527
   -0.7351
   -0.7140
   -0.6895
   -0.6622
   -0.6323
   -0.6003
   -0.5665
   -0.5312
   -0.4947
   -0.4571
   -0.4188
   -0.3799
   -0.3406
   -0.3009
   -0.2610
   -0.2210
   -0.1809
   -0.1407
   -0.1005
   -0.0603
   -0.0201
    0.0201
    0.0603
    0.1005
    0.1407
    0.1809
    0.2210
    0.2610
    0.3009
    0.3406
    0.3799
    0.4188
    0.4571
    0.4947
    0.5312
    0.5665
    0.6003
    0.6323
    0.6622
    0.6895
    0.7140
    0.7351
    0.7527
    0.7661
    0.7752
    0.7795
    0.7789
    0.7731
    0.7620
    0.7456
    0.7241
    0.6978
    0.6671
    0.6327
    0.5954
    0.5561
    0.5160
    0.4763
    0.4384
    0.4036
    0.3734
    0.3491
    0.3319
    0.3226
    0.3218
    0.3299
    0.3466
    0.3711
    0.4024
    0.4388
    0.4782
    0.5182
    0.5563
    0.5898
    0.6163
    0.6338
    0.6407
    0.6364
    0.6210
    0.5957
    0.5623
    0.5239
    0.4839
    0.4461
    0.4142
    0.3917
    0.3810
    0.3836
    0.3992
    0.4262
    0.4617
    0.5014
    0.5403
    0.5734
    0.5963
    0.6056
    0.5999
    0.5799
    0.5482
    0.5097
    0.4701
    0.4358
    0.4125
    0.4043
    0.4126
    0.4362
    0.4711
    0.5108
    0.5481
    0.5756
    0.5878
    0.5821
    0.5596
    0.5247
    0.4849
    0.4489
    0.4248
    0.4182
    0.4308
    0.4599
    0.4984
