%% LaTeX2e file `fresnels.txt'
%% generated by the `filecontents' environment
%% from source `Interferenslabb' on 2017/05/11.
%%
   -0.4205
   -0.4304
   -0.4576
   -0.4953
   -0.5346
   -0.5663
   -0.5832
   -0.5818
   -0.5626
   -0.5298
   -0.4903
   -0.4524
   -0.4235
   -0.4093
   -0.4122
   -0.4316
   -0.4638
   -0.5028
   -0.5418
   -0.5743
   -0.5948
   -0.6002
   -0.5898
   -0.5654
   -0.5308
   -0.4913
   -0.4524
   -0.4196
   -0.3973
   -0.3881
   -0.3932
   -0.4116
   -0.4411
   -0.4779
   -0.5179
   -0.5565
   -0.5895
   -0.6138
   -0.6269
   -0.6278
   -0.6165
   -0.5943
   -0.5633
   -0.5263
   -0.4865
   -0.4470
   -0.4110
   -0.3809
   -0.3589
   -0.3463
   -0.3437
   -0.3512
   -0.3681
   -0.3932
   -0.4249
   -0.4613
   -0.5006
   -0.5407
   -0.5798
   -0.6160
   -0.6479
   -0.6744
   -0.6945
   -0.7077
   -0.7136
   -0.7123
   -0.7041
   -0.6893
   -0.6686
   -0.6427
   -0.6123
   -0.5784
   -0.5417
   -0.5031
   -0.4634
   -0.4232
   -0.3832
   -0.3441
   -0.3063
   -0.2701
   -0.2359
   -0.2041
   -0.1746
   -0.1477
   -0.1234
   -0.1016
   -0.0824
   -0.0657
   -0.0513
   -0.0392
   -0.0291
   -0.0208
   -0.0143
   -0.0093
   -0.0057
   -0.0031
   -0.0015
   -0.0005
   -0.0001
   -0.0000
    0.0000
    0.0001
    0.0005
    0.0015
    0.0031
    0.0057
    0.0093
    0.0143
    0.0208
    0.0291
    0.0392
    0.0513
    0.0657
    0.0824
    0.1016
    0.1234
    0.1477
    0.1746
    0.2041
    0.2359
    0.2701
    0.3063
    0.3441
    0.3832
    0.4232
    0.4634
    0.5031
    0.5417
    0.5784
    0.6123
    0.6427
    0.6686
    0.6893
    0.7041
    0.7123
    0.7136
    0.7077
    0.6945
    0.6744
    0.6479
    0.6160
    0.5798
    0.5407
    0.5006
    0.4613
    0.4249
    0.3932
    0.3681
    0.3512
    0.3437
    0.3463
    0.3589
    0.3809
    0.4110
    0.4470
    0.4865
    0.5263
    0.5633
    0.5943
    0.6165
    0.6278
    0.6269
    0.6138
    0.5895
    0.5565
    0.5179
    0.4779
    0.4411
    0.4116
    0.3932
    0.3881
    0.3973
    0.4196
    0.4524
    0.4913
    0.5308
    0.5654
    0.5898
    0.6002
    0.5948
    0.5743
    0.5418
    0.5028
    0.4638
    0.4316
    0.4122
    0.4093
    0.4235
    0.4524
    0.4903
    0.5298
    0.5626
    0.5818
    0.5832
    0.5663
    0.5346
    0.4953
    0.4576
    0.4304
    0.4205
